AFG,Asia,Afghanistan,2020-02-24,5.0,5.0,,,,,0.126,0.126,,,,,,,,,,,,,,,,,,,,,,,,,,,,,,,,,,,,8.33,39835428.0,54.422,18.6,2.581,1.337,1803.987,,597.029,9.59,,,37.746,0.5,64.83,0.511,,,,
AFG,Asia,Afghanistan,2020-02-25,5.0,0.0,,,,,0.126,0.0,,,,,,,,,,,,,,,,,,,,,,,,,,,,,,,,,,,,8.33,39835428.0,54.422,18.6,2.581,1.337,1803.987,,597.029,9.59,,,37.746,0.5,64.83,0.511,,,,
AFG,Asia,Afghanistan,2020-02-26,5.0,0.0,,,,,0.126,0.0,,,,,,,,,,,,,,,,,,,,,,,,,,,,,,,,,,,,8.33,39835428.0,54.422,18.6,2.581,1.337,1803.987,,597.029,9.59,,,37.746,0.5,64.83,0.511,,,,
AFG,Asia,Afghanistan,2020-02-27,5.0,0.0,,,,,0.126,0.0,,,,,,,,,,,,,,,,,,,,,,,,,,,,,,,,,,,,8.33,39835428.0,54.422,18.6,2.581,1.337,1803.987,,597.029,9.59,,,37.746,0.5,64.83,0.511,,,,
AFG,Asia,Afghanistan,2020-02-28,5.0,0.0,,,,,0.126,0.0,,,,,,,,,,,,,,,,,,,,,,,,,,,,,,,,,,,,8.33,39835428.0,54.422,18.6,2.581,1.337,1803.987,,597.029,9.59,,,37.746,0.5,64.83,0.511,,,,
AFG,Asia,Afghanistan,2020-02-29,5.0,0.0,,,,,0.126,0.0,,,,,,,,,,,,,,,,,,,,,,,,,,,,,,,,,,,,8.33,39835428.0,54.422,18.6,2.581,1.337,1803.987,,597.029,9.59,,,37.746,0.5,64.83,0.511,,,,
AFG,Asia,Afghanistan,2020-03-01,5.0,0.0,0.714,,,,0.126,0.0,0.018,,,,,,,,,,,,,,,,,,,,,,,,,,,,,,,,,,,27.78,39835428.0,54.422,18.6,2.581,1.337,1803.987,,597.029,9.59,,,37.746,0.5,64.83,0.511,,,,
AFG,Asia,Afghanistan,2020-03-02,5.0,0.0,0.0,,,,0.126,0.0,0.0,,,,,,,,,,,,,,,,,,,,,,,,,,,,,,,,,,,27.78,39835428.0,54.422,18.6,2.581,1.337,1803.987,,597.029,9.59,,,37.746,0.5,64.83,0.511,,,,
AFG,Asia,Afghanistan,2020-03-03,5.0,0.0,0.0,,,,0.126,0.0,0.0,,,,,,,,,,,,,,,,,,,,,,,,,,,,,,,,,,,27.78,39835428.0,54.422,18.6,2.581,1.337,1803.987,,597.029,9.59,,,37.746,0.5,64.83,0.511,,,,
AFG,Asia,Afghanistan,2020-03-04,5.0,0.0,0.0,,,,0.126,0.0,0.0,,,,,,,,,,,,,,,,,,,,,,,,,,,,,,,,,,,27.78,39835428.0,54.422,18.6,2.581,1.337,1803.987,,597.029,9.59,,,37.746,0.5,64.83,0.511,,,,
AFG,Asia,Afghanistan,2020-03-05,5.0,0.0,0.0,,,,0.126,0.0,0.0,,,,,,,,,,,,,,,,,,,,,,,,,,,,,,,,,,,27.78,39835428.0,54.422,18.6,2.581,1.337,1803.987,,597.029,9.59,,,37.746,0.5,64.83,0.511,,,,
AFG,Asia,Afghanistan,2020-03-06,5.0,0.0,0.0,,,,0.126,0.0,0.0,,,,,,,,,,,,,,,,,,,,,,,,,,,,,,,,,,,27.78,39835428.0,54.422,18.6,2.581,1.337,1803.987,,597.029,9.59,,,37.746,0.5,64.83,0.511,,,,
AFG,Asia,Afghanistan,2020-03-07,8.0,3.0,0.429,,,,0.201,0.075,0.011,,,,,,,,,,,,,,,,,,,,,,,,,,,,,,,,,,,27.78,39835428.0,54.422,18.6,2.581,1.337,1803.987,,597.029,9.59,,,37.746,0.5,64.83,0.511,,,,
AFG,Asia,Afghanistan,2020-03-08,8.0,0.0,0.429,,,,0.201,0.0,0.011,,,,,,,,,,,,,,,,,,,,,,,,,,,,,,,,,,,27.78,39835428.0,54.422,18.6,2.581,1.337,1803.987,,597.029,9.59,,,37.746,0.5,64.83,0.511,,,,
AFG,Asia,Afghanistan,2020-03-09,8.0,0.0,0.429,,,,0.201,0.0,0.011,,,,,,,,,,,,,,,,,,,,,,,,,,,,,,,,,,,27.78,39835428.0,54.422,18.6,2.581,1.337,1803.987,,597.029,9.59,,,37.746,0.5,64.83,0.511,,,,
AFG,Asia,Afghanistan,2020-03-10,8.0,0.0,0.429,,,,0.201,0.0,0.011,,,,,,,,,,,,,,,,,,,,,,,,,,,,,,,,,,,27.78,39835428.0,54.422,18.6,2.581,1.337,1803.987,,597.029,9.59,,,37.746,0.5,64.83,0.511,,,,
AFG,Asia,Afghanistan,2020-03-11,11.0,3.0,0.857,,,,0.276,0.075,0.022,,,,,,,,,,,,,,,,,,,,,,,,,,,,,,,,,,,27.78,39835428.0,54.422,18.6,2.581,1.337,1803.987,,597.029,9.59,,,37.746,0.5,64.83,0.511,,,,
AFG,Asia,Afghanistan,2020-03-12,11.0,0.0,0.857,,,,0.276,0.0,0.022,,,,,,,,,,,,,,,,,,,,,,,,,,,,,,,,,,,27.78,39835428.0,54.422,18.6,2.581,1.337,1803.987,,597.029,9.59,,,37.746,0.5,64.83,0.511,,,,
AFG,Asia,Afghanistan,2020-03-13,11.0,0.0,0.857,,,,0.276,0.0,0.022,,,,,,,,,,,,,,,,,,,,,,,,,,,,,,,,,,,27.78,39835428.0,54.422,18.6,2.581,1.337,1803.987,,597.029,9.59,,,37.746,0.5,64.83,0.511,,,,
AFG,Asia,Afghanistan,2020-03-14,14.0,3.0,0.857,,,,0.351,0.075,0.022,,,,,,,,,,,,,,,,,,,,,,,,,,,,,,,,,,,38.89,39835428.0,54.422,18.6,2.581,1.337,1803.987,,597.029,9.59,,,37.746,0.5,64.83,0.511,,,,
AFG,Asia,Afghanistan,2020-03-15,20.0,6.0,1.714,,,,0.502,0.151,0.043,,,,,,,,,,,,,,,,,,,,,,,,,,,,,,,,,,,38.89,39835428.0,54.422,18.6,2.581,1.337,1803.987,,597.029,9.59,,,37.746,0.5,64.83,0.511,,,,
AFG,Asia,Afghanistan,2020-03-16,25.0,5.0,2.429,,,,0.628,0.126,0.061,,,,,,,,,,,,,,,,,,,,,,,,,,,,,,,,,,,38.89,39835428.0,54.422,18.6,2.581,1.337,1803.987,,597.029,9.59,,,37.746,0.5,64.83,0.511,,,,
AFG,Asia,Afghanistan,2020-03-17,26.0,1.0,2.571,,,,0.653,0.025,0.065,,,,,,,,,,,,,,,,,,,,,,,,,,,,,,,,,,,38.89,39835428.0,54.422,18.6,2.581,1.337,1803.987,,597.029,9.59,,,37.746,0.5,64.83,0.511,,,,
AFG,Asia,Afghanistan,2020-03-18,26.0,0.0,2.143,,,,0.653,0.0,0.054,,,,,,,,,,,,,,,,,,,,,,,,,,,,,,,,,,,41.67,39835428.0,54.422,18.6,2.581,1.337,1803.987,,597.029,9.59,,,37.746,0.5,64.83,0.511,,,,
AFG,Asia,Afghanistan,2020-03-19,26.0,0.0,2.143,,,,0.653,0.0,0.054,,,,,,,,,,,,,,,,,,,,,,,,,,,,,,,,,,,41.67,39835428.0,54.422,18.6,2.581,1.337,1803.987,,597.029,9.59,,,37.746,0.5,64.83,0.511,,,,
AFG,Asia,Afghanistan,2020-03-20,24.0,,,,,,0.602,,,,,,,,,,,,,,,,,,,,,,,,,,,,,,,,,,,,,41.67,39835428.0,54.422,18.6,2.581,1.337,1803.987,,597.029,9.59,,,37.746,0.5,64.83,0.511,,,,
AFG,Asia,Afghanistan,2020-03-21,24.0,0.0,,,,,0.602,0.0,,,,,,,,,,,,,,,,,,,,,,,,,,,,,,,,,,,,41.67,39835428.0,54.422,18.6,2.581,1.337,1803.987,,597.029,9.59,,,37.746,0.5,64.83,0.511,,,,
AFG,Asia,Afghanistan,2020-03-22,34.0,10.0,,,,,0.854,0.251,,,,,,,,,,,,,,,,,,,,,,,,,,,,,,,,,,,,41.67,39835428.0,54.422,18.6,2.581,1.337,1803.987,,597.029,9.59,,,37.746,0.5,64.83,0.511,,,,
AFG,Asia,Afghanistan,2020-03-23,40.0,6.0,,1.0,1.0,,1.004,0.151,,0.025,0.025,,,,,,,,,,,,,,,,,,,,,,,,,,,,,,,,,41.67,39835428.0,54.422,18.6,2.581,1.337,1803.987,,597.029,9.59,,,37.746,0.5,64.83,0.511,,,,
AFG,Asia,Afghanistan,2020-03-24,42.0,2.0,,1.0,0.0,,1.054,0.05,,0.025,0.0,,,,,,,,,,,,,,,,,,,,,,,,,,,,,,,,,50.93,39835428.0,54.422,18.6,2.581,1.337,1803.987,,597.029,9.59,,,37.746,0.5,64.83,0.511,,,,
AFG,Asia,Afghanistan,2020-03-25,74.0,32.0,,1.0,0.0,,1.858,0.803,,0.025,0.0,,,,,,,,,,,,,,,,,,,,,,,,,,,,,,,,,59.26,39835428.0,54.422,18.6,2.581,1.337,1803.987,,597.029,9.59,,,37.746,0.5,64.83,0.511,,,,
AFG,Asia,Afghanistan,2020-03-26,80.0,6.0,,2.0,1.0,,2.008,0.151,,0.05,0.025,,,,,,,,,,,,,,,,,,,,,,,,,,,,,,,,,59.26,39835428.0,54.422,18.6,2.581,1.337,1803.987,,597.029,9.59,,,37.746,0.5,64.83,0.511,,,,
AFG,Asia,Afghanistan,2020-03-27,91.0,11.0,9.571,2.0,0.0,,2.284,0.276,0.24,0.05,0.0,,,,,,,,,,,,,,,,,,,,,,,,,,,,,,,,,59.26,39835428.0,54.422,18.6,2.581,1.337,1803.987,,597.029,9.59,,,37.746,0.5,64.83,0.511,,,,
AFG,Asia,Afghanistan,2020-03-28,106.0,15.0,11.714,2.0,0.0,,2.661,0.377,0.294,0.05,0.0,,,,,,,,,,,,,,,,,,,,,,,,,,,,,,,,,67.59,39835428.0,54.422,18.6,2.581,1.337,1803.987,,597.029,9.59,,,37.746,0.5,64.83,0.511,,,,
AFG,Asia,Afghanistan,2020-03-29,114.0,8.0,11.429,4.0,2.0,0.571,2.862,0.201,0.287,0.1,0.05,0.014,1.51,,,,,,,,,,,,,,,,,,,,,,,,,,,,,,,67.59,39835428.0,54.422,18.6,2.581,1.337,1803.987,,597.029,9.59,,,37.746,0.5,64.83,0.511,,,,
AFG,Asia,Afghanistan,2020-03-30,114.0,0.0,10.571,4.0,0.0,0.429,2.862,0.0,0.265,0.1,0.0,0.011,1.51,,,,,,,,,,,,,,,,,,,,,,,,,,,,,,,67.59,39835428.0,54.422,18.6,2.581,1.337,1803.987,,597.029,9.59,,,37.746,0.5,64.83,0.511,,,,
AFG,Asia,Afghanistan,2020-03-31,166.0,52.0,17.714,4.0,0.0,0.429,4.167,1.305,0.445,0.1,0.0,0.011,1.53,,,,,,,,,,,,,,,,,,,,,,,,,,,,,,,67.59,39835428.0,54.422,18.6,2.581,1.337,1803.987,,597.029,9.59,,,37.746,0.5,64.83,0.511,,,,
AFG,Asia,Afghanistan,2020-04-01,192.0,26.0,16.857,4.0,0.0,0.429,4.82,0.653,0.423,0.1,0.0,0.011,1.52,,,,,,,,,,,,,,,,,,,,,,,,,,,,,,,67.59,39835428.0,54.422,18.6,2.581,1.337,1803.987,,597.029,9.59,,,37.746,0.5,64.83,0.511,,,,
AFG,Asia,Afghanistan,2020-04-02,235.0,43.0,22.143,4.0,0.0,0.286,5.899,1.079,0.556,0.1,0.0,0.007,1.51,,,,,,,,,,,,,,,,,,,,,,,,,,,,,,,67.59,39835428.0,54.422,18.6,2.581,1.337,1803.987,,597.029,9.59,,,37.746,0.5,64.83,0.511,,,,
AFG,Asia,Afghanistan,2020-04-03,269.0,34.0,25.429,5.0,1.0,0.429,6.753,0.854,0.638,0.126,0.025,0.011,1.5,,,,,,,,,,,,,,,,,,,,,,,,,,,,,,,67.59,39835428.0,54.422,18.6,2.581,1.337,1803.987,,597.029,9.59,,,37.746,0.5,64.83,0.511,,,,
AFG,Asia,Afghanistan,2020-04-04,270.0,1.0,23.429,5.0,0.0,0.429,6.778,0.025,0.588,0.126,0.0,0.011,1.49,,,,,,,,,,,,,,,,,,,,,,,,,,,,,,,67.59,39835428.0,54.422,18.6,2.581,1.337,1803.987,,597.029,9.59,,,37.746,0.5,64.83,0.511,,,,
AFG,Asia,Afghanistan,2020-04-05,299.0,29.0,26.429,7.0,2.0,0.429,7.506,0.728,0.663,0.176,0.05,0.011,1.49,,,,,,,,,,,,,,,,,,,,,,,,,,,,,,,78.7,39835428.0,54.422,18.6,2.581,1.337,1803.987,,597.029,9.59,,,37.746,0.5,64.83,0.511,,,,
AFG,Asia,Afghanistan,2020-04-06,337.0,38.0,31.857,7.0,0.0,0.429,8.46,0.954,0.8,0.176,0.0,0.011,1.49,,,,,,,,,,,,,,,,,,,,,,,,,,,,,,,78.7,39835428.0,54.422,18.6,2.581,1.337,1803.987,,597.029,9.59,,,37.746,0.5,64.83,0.511,,,,
AFG,Asia,Afghanistan,2020-04-07,367.0,30.0,28.714,11.0,4.0,1.0,9.213,0.753,0.721,0.276,0.1,0.025,1.48,,,,,,,,,,,,,,,,,,,,,,,,,,,,,,,78.7,39835428.0,54.422,18.6,2.581,1.337,1803.987,,597.029,9.59,,,37.746,0.5,64.83,0.511,,,,
AFG,Asia,Afghanistan,2020-04-08,423.0,56.0,33.0,14.0,3.0,1.429,10.619,1.406,0.828,0.351,0.075,0.036,1.48,,,,,,,,,,,,,,,,,,,,,,,,,,,,,,,78.7,39835428.0,54.422,18.6,2.581,1.337,1803.987,,597.029,9.59,,,37.746,0.5,64.83,0.511,,,,
AFG,Asia,Afghanistan,2020-04-09,444.0,21.0,29.857,15.0,1.0,1.571,11.146,0.527,0.75,0.377,0.025,0.039,1.47,,,,,,,,,,,,,,,,,,,,,,,,,,,,,,,78.7,39835428.0,54.422,18.6,2.581,1.337,1803.987,,597.029,9.59,,,37.746,0.5,64.83,0.511,,,,
AFG,Asia,Afghanistan,2020-04-10,521.0,77.0,36.0,15.0,0.0,1.429,13.079,1.933,0.904,0.377,0.0,0.036,1.47,,,,,,,,,,,,,,,,,,,,,,,,,,,,,,,78.7,39835428.0,54.422,18.6,2.581,1.337,1803.987,,597.029,9.59,,,37.746,0.5,64.83,0.511,,,,
AFG,Asia,Afghanistan,2020-04-11,521.0,0.0,35.857,15.0,0.0,1.429,13.079,0.0,0.9,0.377,0.0,0.036,1.47,,,,,,,,,,,,,,,,,,,,,,,,,,,,,,,78.7,39835428.0,54.422,18.6,2.581,1.337,1803.987,,597.029,9.59,,,37.746,0.5,64.83,0.511,,,,
AFG,Asia,Afghanistan,2020-04-12,555.0,34.0,36.571,18.0,3.0,1.571,13.932,0.854,0.918,0.452,0.075,0.039,1.47,,,,,,,,,,,,,,,,,,,,,,,,,,,,,,,84.26,39835428.0,54.422,18.6,2.581,1.337,1803.987,,597.029,9.59,,,37.746,0.5,64.83,0.511,,,,
AFG,Asia,Afghanistan,2020-04-13,607.0,52.0,38.571,19.0,1.0,1.714,15.238,1.305,0.968,0.477,0.025,0.043,1.47,,,,,,,,,,,,,,,,,,,,,,,,,,,,,,,84.26,39835428.0,54.422,18.6,2.581,1.337,1803.987,,597.029,9.59,,,37.746,0.5,64.83,0.511,,,,
AFG,Asia,Afghanistan,2020-04-14,665.0,58.0,42.571,22.0,3.0,1.571,16.694,1.456,1.069,0.552,0.075,0.039,1.47,,,,,,,,,,,,,,,,,,,,,,,,,,,,,,,84.26,39835428.0,54.422,18.6,2.581,1.337,1803.987,,597.029,9.59,,,37.746,0.5,64.83,0.511,,,,
AFG,Asia,Afghanistan,2020-04-15,770.0,105.0,49.571,25.0,3.0,1.571,19.33,2.636,1.244,0.628,0.075,0.039,1.47,,,,,,,,,,,,,,,,,,,,,,,,,,,,,,,84.26,39835428.0,54.422,18.6,2.581,1.337,1803.987,,597.029,9.59,,,37.746,0.5,64.83,0.511,,,,
AFG,Asia,Afghanistan,2020-04-16,794.0,24.0,50.0,29.0,4.0,2.0,19.932,0.602,1.255,0.728,0.1,0.05,1.46,,,,,,,,,,,,,,,,,,,,,,,,,,,,,,,84.26,39835428.0,54.422,18.6,2.581,1.337,1803.987,,597.029,9.59,,,37.746,0.5,64.83,0.511,,,,
AFG,Asia,Afghanistan,2020-04-17,845.0,51.0,46.286,30.0,1.0,2.143,21.212,1.28,1.162,0.753,0.025,0.054,1.46,,,,,,,,,,,,,,,,,,,,,,,,,,,,,,,84.26,39835428.0,54.422,18.6,2.581,1.337,1803.987,,597.029,9.59,,,37.746,0.5,64.83,0.511,,,,
AFG,Asia,Afghanistan,2020-04-18,908.0,63.0,55.286,30.0,0.0,2.143,22.794,1.582,1.388,0.753,0.0,0.054,1.46,,,,,,,,,,,,,,,,,,,,,,,,,,,,,,,84.26,39835428.0,54.422,18.6,2.581,1.337,1803.987,,597.029,9.59,,,37.746,0.5,64.83,0.511,,,,
AFG,Asia,Afghanistan,2020-04-19,933.0,25.0,54.0,30.0,0.0,1.714,23.421,0.628,1.356,0.753,0.0,0.043,1.47,,,,,,,,,,,,,,,,,,,,,,,,,,,,,,,84.26,39835428.0,54.422,18.6,2.581,1.337,1803.987,,597.029,9.59,,,37.746,0.5,64.83,0.511,,,,
AFG,Asia,Afghanistan,2020-04-20,996.0,63.0,55.571,33.0,3.0,2.0,25.003,1.582,1.395,0.828,0.075,0.05,1.47,,,,,,,,,,,,,,,,,,,,,,,,,,,,,,,84.26,39835428.0,54.422,18.6,2.581,1.337,1803.987,,597.029,9.59,,,37.746,0.5,64.83,0.511,,,,
AFG,Asia,Afghanistan,2020-04-21,1026.0,30.0,51.571,36.0,3.0,2.0,25.756,0.753,1.295,0.904,0.075,0.05,1.48,,,,,,,,,,,,,,,,,,,,,,,,,,,,,,,84.26,39835428.0,54.422,18.6,2.581,1.337,1803.987,,597.029,9.59,,,37.746,0.5,64.83,0.511,,,,
AFG,Asia,Afghanistan,2020-04-22,1092.0,66.0,46.0,36.0,0.0,1.571,27.413,1.657,1.155,0.904,0.0,0.039,1.49,,,,,,,,,,,,,,,,,,,,,,,,,,,,,,,84.26,39835428.0,54.422,18.6,2.581,1.337,1803.987,,597.029,9.59,,,37.746,0.5,64.83,0.511,,,,
AFG,Asia,Afghanistan,2020-04-23,1176.0,84.0,54.571,40.0,4.0,1.571,29.521,2.109,1.37,1.004,0.1,0.039,1.52,,,,,,,,,,,,,,,,,,,,,,,,,,,,,,,84.26,39835428.0,54.422,18.6,2.581,1.337,1803.987,,597.029,9.59,,,37.746,0.5,64.83,0.511,,,,
AFG,Asia,Afghanistan,2020-04-24,1226.0,50.0,54.429,40.0,0.0,1.429,30.777,1.255,1.366,1.004,0.0,0.036,1.53,,,,,,,,,,,,,,,,,,,,,,,,,,,,,,,84.26,39835428.0,54.422,18.6,2.581,1.337,1803.987,,597.029,9.59,,,37.746,0.5,64.83,0.511,,,,
AFG,Asia,Afghanistan,2020-04-25,1330.0,104.0,60.286,43.0,3.0,1.857,33.387,2.611,1.513,1.079,0.075,0.047,1.55,,,,,,,,,,,,,,,,,,,,,,,,,,,,,,,84.26,39835428.0,54.422,18.6,2.581,1.337,1803.987,,597.029,9.59,,,37.746,0.5,64.83,0.511,,,,
AFG,Asia,Afghanistan,2020-04-26,1463.0,133.0,75.714,49.0,6.0,2.714,36.726,3.339,1.901,1.23,0.151,0.068,1.57,,,,,,,,,,,,,,,,,,,,,,,,,,,,,,,84.26,39835428.0,54.422,18.6,2.581,1.337,1803.987,,597.029,9.59,,,37.746,0.5,64.83,0.511,,,,
AFG,Asia,Afghanistan,2020-04-27,1531.0,68.0,76.429,50.0,1.0,2.429,38.433,1.707,1.919,1.255,0.025,0.061,1.58,,,,,,,,,,,,,,,,,,,,,,,,,,,,,,,84.26,39835428.0,54.422,18.6,2.581,1.337,1803.987,,597.029,9.59,,,37.746,0.5,64.83,0.511,,,,
AFG,Asia,Afghanistan,2020-04-28,1703.0,172.0,96.714,60.0,10.0,3.429,42.751,4.318,2.428,1.506,0.251,0.086,1.59,,,,,,,,,,,,,,,,,,,,,,,,,,,,,,,84.26,39835428.0,54.422,18.6,2.581,1.337,1803.987,,597.029,9.59,,,37.746,0.5,64.83,0.511,,,,
AFG,Asia,Afghanistan,2020-04-29,1827.0,124.0,105.0,60.0,0.0,3.429,45.864,3.113,2.636,1.506,0.0,0.086,1.6,,,,,,,,,,,,,,,,,,,,,,,,,,,,,,,84.26,39835428.0,54.422,18.6,2.581,1.337,1803.987,,597.029,9.59,,,37.746,0.5,64.83,0.511,,,,
AFG,Asia,Afghanistan,2020-04-30,1827.0,0.0,93.0,60.0,0.0,2.857,45.864,0.0,2.335,1.506,0.0,0.072,1.61,,,,,,,,,,,,,,,,,,,,,,,,,,,,,,,84.26,39835428.0,54.422,18.6,2.581,1.337,1803.987,,597.029,9.59,,,37.746,0.5,64.83,0.511,,,,
AFG,Asia,Afghanistan,2020-05-01,2171.0,344.0,135.0,64.0,4.0,3.429,54.499,8.636,3.389,1.607,0.1,0.086,1.64,,,,,,,,,,,,,,,,,,,,,,,,,,,,,,,84.26,39835428.0,54.422,18.6,2.581,1.337,1803.987,,597.029,9.59,,,37.746,0.5,64.83,0.511,,,,
AFG,Asia,Afghanistan,2020-05-02,2469.0,298.0,162.714,72.0,8.0,4.143,61.98,7.481,4.085,1.807,0.201,0.104,1.64,,,,,,,,,,,,,,,,,,,,,,,,,,,,,,,84.26,39835428.0,54.422,18.6,2.581,1.337,1803.987,,597.029,9.59,,,37.746,0.5,64.83,0.511,,,,
AFG,Asia,Afghanistan,2020-05-03,2469.0,0.0,143.714,72.0,0.0,3.286,61.98,0.0,3.608,1.807,0.0,0.082,1.63,,,,,,,,,,,,,,,,,,,,,,,,,,,,,,,84.26,39835428.0,54.422,18.6,2.581,1.337,1803.987,,597.029,9.59,,,37.746,0.5,64.83,0.511,,,,
AFG,Asia,Afghanistan,2020-05-04,2469.0,0.0,134.0,72.0,0.0,3.143,61.98,0.0,3.364,1.807,0.0,0.079,1.63,,,,,,,,,,,,,,,,,,,,,,,,,,,,,,,84.26,39835428.0,54.422,18.6,2.581,1.337,1803.987,,597.029,9.59,,,37.746,0.5,64.83,0.511,,,,
AFG,Asia,Afghanistan,2020-05-05,2469.0,0.0,109.429,72.0,0.0,1.714,61.98,0.0,2.747,1.807,0.0,0.043,1.65,,,,,,,,,,,,,,,,,,,,,,,,,,,,,,,84.26,39835428.0,54.422,18.6,2.581,1.337,1803.987,,597.029,9.59,,,37.746,0.5,64.83,0.511,,,,
AFG,Asia,Afghanistan,2020-05-06,3224.0,755.0,199.571,95.0,23.0,5.0,80.933,18.953,5.01,2.385,0.577,0.126,1.68,,,,,,,,,,,,,,,,,,,,,,,,,,,,,,,84.26,39835428.0,54.422,18.6,2.581,1.337,1803.987,,597.029,9.59,,,37.746,0.5,64.83,0.511,,,,
AFG,Asia,Afghanistan,2020-05-07,3392.0,168.0,223.571,104.0,9.0,6.286,85.15,4.217,5.612,2.611,0.226,0.158,1.66,,,,,,,,,,,,,,,,,,,,,,,,,,,,,,,84.26,39835428.0,54.422,18.6,2.581,1.337,1803.987,,597.029,9.59,,,37.746,0.5,64.83,0.511,,,,
AFG,Asia,Afghanistan,2020-05-08,3563.0,171.0,198.857,105.0,1.0,5.857,89.443,4.293,4.992,2.636,0.025,0.147,1.64,,,,,,,,,,,,,,,,,,,,,,,,,,,,,,,84.26,39835428.0,54.422,18.6,2.581,1.337,1803.987,,597.029,9.59,,,37.746,0.5,64.83,0.511,,,,
AFG,Asia,Afghanistan,2020-05-09,3563.0,0.0,156.286,105.0,0.0,4.714,89.443,0.0,3.923,2.636,0.0,0.118,1.62,,,,,,,,,,,,,,,,,,,,,,,,,,,,,,,84.26,39835428.0,54.422,18.6,2.581,1.337,1803.987,,597.029,9.59,,,37.746,0.5,64.83,0.511,,,,
AFG,Asia,Afghanistan,2020-05-10,4402.0,839.0,276.143,119.0,14.0,6.714,110.505,21.062,6.932,2.987,0.351,0.169,1.62,,,,,,,,,,,,,,,,,,,,,,,,,,,,,,,84.26,39835428.0,54.422,18.6,2.581,1.337,1803.987,,597.029,9.59,,,37.746,0.5,64.83,0.511,,,,
AFG,Asia,Afghanistan,2020-05-11,4664.0,262.0,313.571,120.0,1.0,6.857,117.082,6.577,7.872,3.012,0.025,0.172,1.59,,,,,,,,,,,,,,,,,,,,,,,,,,,,,,,84.26,39835428.0,54.422,18.6,2.581,1.337,1803.987,,597.029,9.59,,,37.746,0.5,64.83,0.511,,,,
AFG,Asia,Afghanistan,2020-05-12,4967.0,303.0,356.857,127.0,7.0,7.857,124.688,7.606,8.958,3.188,0.176,0.197,1.56,,,,,,,,,,,,,,,,,,,,,,,,,,,,,,,84.26,39835428.0,54.422,18.6,2.581,1.337,1803.987,,597.029,9.59,,,37.746,0.5,64.83,0.511,,,,
AFG,Asia,Afghanistan,2020-05-13,4967.0,0.0,249.0,127.0,0.0,4.571,124.688,0.0,6.251,3.188,0.0,0.115,1.53,,,,,,,,,,,,,,,,,,,,,,,,,,,,,,,84.26,39835428.0,54.422,18.6,2.581,1.337,1803.987,,597.029,9.59,,,37.746,0.5,64.83,0.511,,,,
AFG,Asia,Afghanistan,2020-05-14,5339.0,372.0,278.143,136.0,9.0,4.571,134.026,9.338,6.982,3.414,0.226,0.115,1.52,,,,,,,,,,,,,,,,,,,,,,,,,,,,,,,84.26,39835428.0,54.422,18.6,2.581,1.337,1803.987,,597.029,9.59,,,37.746,0.5,64.83,0.511,,,,
AFG,Asia,Afghanistan,2020-05-15,6053.0,714.0,355.714,153.0,17.0,6.857,151.95,17.924,8.93,3.841,0.427,0.172,1.51,,,,,,,,,,,,,,,,,,,,,,,,,,,,,,,84.26,39835428.0,54.422,18.6,2.581,1.337,1803.987,,597.029,9.59,,,37.746,0.5,64.83,0.511,,,,
AFG,Asia,Afghanistan,2020-05-16,6402.0,349.0,405.571,168.0,15.0,9.0,160.711,8.761,10.181,4.217,0.377,0.226,1.49,,,,,,,,,,,,,,,,,,,,,,,,,,,,,,,84.26,39835428.0,54.422,18.6,2.581,1.337,1803.987,,597.029,9.59,,,37.746,0.5,64.83,0.511,,,,
AFG,Asia,Afghanistan,2020-05-17,6635.0,233.0,319.0,169.0,1.0,7.143,166.56,5.849,8.008,4.242,0.025,0.179,1.46,,,,,,,,,,,,,,,,,,,,,,,,,,,,,,,84.26,39835428.0,54.422,18.6,2.581,1.337,1803.987,,597.029,9.59,,,37.746,0.5,64.83,0.511,,,,
AFG,Asia,Afghanistan,2020-05-18,7072.0,437.0,344.0,173.0,4.0,7.571,177.53,10.97,8.636,4.343,0.1,0.19,1.45,,,,,,,,,,,,,,,,,,,,,,,,,,,,,,,84.26,39835428.0,54.422,18.6,2.581,1.337,1803.987,,597.029,9.59,,,37.746,0.5,64.83,0.511,,,,
AFG,Asia,Afghanistan,2020-05-19,7655.0,583.0,384.0,177.0,4.0,7.143,192.166,14.635,9.64,4.443,0.1,0.179,1.43,,,,,,,,,,,,,,,,,,,,,,,,,,,,,,,84.26,39835428.0,54.422,18.6,2.581,1.337,1803.987,,597.029,9.59,,,37.746,0.5,64.83,0.511,,,,
AFG,Asia,Afghanistan,2020-05-20,8145.0,490.0,454.0,187.0,10.0,8.571,204.466,12.301,11.397,4.694,0.251,0.215,1.41,,,,,,,,,,,,,,,,,,,,,,,,,,,,,,,84.26,39835428.0,54.422,18.6,2.581,1.337,1803.987,,597.029,9.59,,,37.746,0.5,64.83,0.511,,,,
AFG,Asia,Afghanistan,2020-05-21,8676.0,531.0,476.714,193.0,6.0,8.143,217.796,13.33,11.967,4.845,0.151,0.204,1.4,,,,,,,,,,,,,,,,,,,,,,,,,,,,,,,84.26,39835428.0,54.422,18.6,2.581,1.337,1803.987,,597.029,9.59,,,37.746,0.5,64.83,0.511,,,,
AFG,Asia,Afghanistan,2020-05-22,9216.0,540.0,451.857,205.0,12.0,7.429,231.352,13.556,11.343,5.146,0.301,0.186,1.38,,,,,,,,,,,,,,,,,,,,,,,,,,,,,,,84.26,39835428.0,54.422,18.6,2.581,1.337,1803.987,,597.029,9.59,,,37.746,0.5,64.83,0.511,,,,
AFG,Asia,Afghanistan,2020-05-23,9952.0,736.0,507.143,215.0,10.0,6.714,249.828,18.476,12.731,5.397,0.251,0.169,1.36,,,,,,,,,,,,,,,,,,,,,,,,,,,,,,,84.26,39835428.0,54.422,18.6,2.581,1.337,1803.987,,597.029,9.59,,,37.746,0.5,64.83,0.511,,,,
AFG,Asia,Afghanistan,2020-05-24,10668.0,716.0,576.143,222.0,7.0,7.571,267.802,17.974,14.463,5.573,0.176,0.19,1.34,,,,,,,,,,,,,,,,,,,,,,,,,,,,,,,84.26,39835428.0,54.422,18.6,2.581,1.337,1803.987,,597.029,9.59,,,37.746,0.5,64.83,0.511,,,,
AFG,Asia,Afghanistan,2020-05-25,11180.0,512.0,586.857,223.0,1.0,7.143,280.655,12.853,14.732,5.598,0.025,0.179,1.32,,,,,,,,,,,,,,,,,,,,,,,,,,,,,,,84.26,39835428.0,54.422,18.6,2.581,1.337,1803.987,,597.029,9.59,,,37.746,0.5,64.83,0.511,,,,
AFG,Asia,Afghanistan,2020-05-26,11917.0,737.0,608.857,224.0,1.0,6.714,299.156,18.501,15.284,5.623,0.025,0.169,1.3,,,,,,,,,,,,,,,,,,,,,,,,,,,,,,,84.26,39835428.0,54.422,18.6,2.581,1.337,1803.987,,597.029,9.59,,,37.746,0.5,64.83,0.511,,,,
AFG,Asia,Afghanistan,2020-05-27,12465.0,548.0,617.143,230.0,6.0,6.143,312.912,13.757,15.492,5.774,0.151,0.154,1.28,,,,,,,,,,,,,,,,,,,,,,,,,,,,,,,84.26,39835428.0,54.422,18.6,2.581,1.337,1803.987,,597.029,9.59,,,37.746,0.5,64.83,0.511,,,,
AFG,Asia,Afghanistan,2020-05-28,13102.0,637.0,632.286,239.0,9.0,6.571,328.903,15.991,15.872,6.0,0.226,0.165,1.26,,,,,,,,,,,,,,,,,,,,,,,,,,,,,,,84.26,39835428.0,54.422,18.6,2.581,1.337,1803.987,,597.029,9.59,,,37.746,0.5,64.83,0.511,,,,
AFG,Asia,Afghanistan,2020-05-29,13745.0,643.0,647.0,250.0,11.0,6.429,345.045,16.141,16.242,6.276,0.276,0.161,1.24,,,,,,,,,,,,,,,,,,,,,,,,,,,,,,,84.26,39835428.0,54.422,18.6,2.581,1.337,1803.987,,597.029,9.59,,,37.746,0.5,64.83,0.511,,,,
AFG,Asia,Afghanistan,2020-05-30,14529.0,784.0,653.857,252.0,2.0,5.286,364.726,19.681,16.414,6.326,0.05,0.133,1.23,,,,,,,,,,,,,,,,,,,,,,,,,,,,,,,84.26,39835428.0,54.422,18.6,2.581,1.337,1803.987,,597.029,9.59,,,37.746,0.5,64.83,0.511,,,,
AFG,Asia,Afghanistan,2020-05-31,15180.0,651.0,644.571,254.0,2.0,4.571,381.068,16.342,16.181,6.376,0.05,0.115,1.21,,,,,,,,,,,,,,,,,,,,,,,,,,,,,,,84.26,39835428.0,54.422,18.6,2.581,1.337,1803.987,,597.029,9.59,,,37.746,0.5,64.83,0.511,,,,
AFG,Asia,Afghanistan,2020-06-01,15836.0,656.0,665.143,269.0,15.0,6.571,397.536,16.468,16.697,6.753,0.377,0.165,1.19,,,,,,,,,,,,,,,,,,,,,,,,,,,,,,,84.26,39835428.0,54.422,18.6,2.581,1.337,1803.987,,597.029,9.59,,,37.746,0.5,64.83,0.511,,,,
AFG,Asia,Afghanistan,2020-06-02,16578.0,742.0,665.857,274.0,5.0,7.143,416.162,18.627,16.715,6.878,0.126,0.179,1.17,,,,,,,,,,,,,,,,,,,,,,,,,,,,,,,84.26,39835428.0,54.422,18.6,2.581,1.337,1803.987,,597.029,9.59,,,37.746,0.5,64.83,0.511,,,,
AFG,Asia,Afghanistan,2020-06-03,17353.0,775.0,698.286,298.0,24.0,9.714,435.617,19.455,17.529,7.481,0.602,0.244,1.15,,,,,,,,,,,,,,,,,,,,,,,,,,,,,,,84.26,39835428.0,54.422,18.6,2.581,1.337,1803.987,,597.029,9.59,,,37.746,0.5,64.83,0.511,,,,
AFG,Asia,Afghanistan,2020-06-04,17977.0,624.0,696.429,303.0,5.0,9.143,451.282,15.664,17.483,7.606,0.126,0.23,1.14,,,,,,,,,,,,,,,,,,,,,,,,,,,,,,,84.26,39835428.0,54.422,18.6,2.581,1.337,1803.987,,597.029,9.59,,,37.746,0.5,64.83,0.511,,,,
AFG,Asia,Afghanistan,2020-06-05,19055.0,1078.0,758.571,313.0,10.0,9.0,478.343,27.061,19.043,7.857,0.251,0.226,1.12,,,,,,,,,,,,,,,,,,,,,,,,,,,,,,,84.26,39835428.0,54.422,18.6,2.581,1.337,1803.987,,597.029,9.59,,,37.746,0.5,64.83,0.511,,,,
AFG,Asia,Afghanistan,2020-06-06,19637.0,582.0,729.714,331.0,18.0,11.286,492.953,14.61,18.318,8.309,0.452,0.283,1.1,,,,,,,,,,,,,,,,,,,,,,,,,,,,,,,84.26,39835428.0,54.422,18.6,2.581,1.337,1803.987,,597.029,9.59,,,37.746,0.5,64.83,0.511,,,,
AFG,Asia,Afghanistan,2020-06-07,20428.0,791.0,749.714,361.0,30.0,15.286,512.81,19.857,18.82,9.062,0.753,0.384,1.08,,,,,,,,,,,,,,,,,,,,,,,,,,,,,,,84.26,39835428.0,54.422,18.6,2.581,1.337,1803.987,,597.029,9.59,,,37.746,0.5,64.83,0.511,,,,
AFG,Asia,Afghanistan,2020-06-08,21003.0,575.0,738.143,373.0,12.0,14.857,527.244,14.434,18.53,9.364,0.301,0.373,1.06,,,,,,,,,,,,,,,,,,,,,,,,,,,,,,,84.26,39835428.0,54.422,18.6,2.581,1.337,1803.987,,597.029,9.59,,,37.746,0.5,64.83,0.511,,,,
AFG,Asia,Afghanistan,2020-06-09,21308.0,305.0,675.714,380.0,7.0,15.143,534.901,7.657,16.963,9.539,0.176,0.38,1.04,,,,,,,,,,,,,,,,,,,,,,,,,,,,,,,78.7,39835428.0,54.422,18.6,2.581,1.337,1803.987,,597.029,9.59,,,37.746,0.5,64.83,0.511,,,,
AFG,Asia,Afghanistan,2020-06-10,22228.0,920.0,696.429,409.0,29.0,15.857,557.996,23.095,17.483,10.267,0.728,0.398,1.03,,,,,,,,,,,,,,,,,,,,,,,,,,,,,,,78.7,39835428.0,54.422,18.6,2.581,1.337,1803.987,,597.029,9.59,,,37.746,0.5,64.83,0.511,,,,
AFG,Asia,Afghanistan,2020-06-11,22976.0,748.0,714.143,430.0,21.0,18.143,576.773,18.777,17.927,10.794,0.527,0.455,1.02,,,,,,,,,,,,,,,,,,,,,,,,,,,,,,,78.7,39835428.0,54.422,18.6,2.581,1.337,1803.987,,597.029,9.59,,,37.746,0.5,64.83,0.511,,,,
AFG,Asia,Afghanistan,2020-06-12,23632.0,656.0,653.857,450.0,20.0,19.571,593.241,16.468,16.414,11.296,0.502,0.491,1.0,,,,,,,,,,,,,,,,,,,,,,,,,,,,,,,78.7,39835428.0,54.422,18.6,2.581,1.337,1803.987,,597.029,9.59,,,37.746,0.5,64.83,0.511,,,,
AFG,Asia,Afghanistan,2020-06-13,24188.0,556.0,650.143,455.0,5.0,17.714,607.198,13.957,16.321,11.422,0.126,0.445,0.99,,,,,,,,,,,,,,,,,,,,,,,,,,,,,,,78.7,39835428.0,54.422,18.6,2.581,1.337,1803.987,,597.029,9.59,,,37.746,0.5,64.83,0.511,,,,
AFG,Asia,Afghanistan,2020-06-14,24852.0,664.0,632.0,475.0,20.0,16.286,623.867,16.669,15.865,11.924,0.502,0.409,0.97,,,,,,,,,,,,,,,,,,,,,,,,,,,,,,,78.7,39835428.0,54.422,18.6,2.581,1.337,1803.987,,597.029,9.59,,,37.746,0.5,64.83,0.511,,,,
AFG,Asia,Afghanistan,2020-06-15,25613.0,761.0,658.571,480.0,5.0,15.286,642.97,19.104,16.532,12.05,0.126,0.384,0.96,,,,,,,,,,,,,,,,,,,,,,,,,,,,,,,78.7,39835428.0,54.422,18.6,2.581,1.337,1803.987,,597.029,9.59,,,37.746,0.5,64.83,0.511,,,,
AFG,Asia,Afghanistan,2020-06-16,25719.0,106.0,630.143,488.0,8.0,15.429,645.631,2.661,15.819,12.25,0.201,0.387,0.94,,,,,,,,,,,,,,,,,,,,,,,,,,,,,,,78.7,39835428.0,54.422,18.6,2.581,1.337,1803.987,,597.029,9.59,,,37.746,0.5,64.83,0.511,,,,
AFG,Asia,Afghanistan,2020-06-17,26960.0,1241.0,676.0,508.0,20.0,14.143,676.784,31.153,16.97,12.752,0.502,0.355,0.93,,,,,,,,,,,,,,,,,,,,,,,,,,,,,,,78.7,39835428.0,54.422,18.6,2.581,1.337,1803.987,,597.029,9.59,,,37.746,0.5,64.83,0.511,,,,
AFG,Asia,Afghanistan,2020-06-18,27423.0,463.0,635.286,550.0,42.0,17.143,688.407,11.623,15.948,13.807,1.054,0.43,0.91,,,,,,,,,,,,,,,,,,,,,,,,,,,,,,,78.7,39835428.0,54.422,18.6,2.581,1.337,1803.987,,597.029,9.59,,,37.746,0.5,64.83,0.511,,,,
AFG,Asia,Afghanistan,2020-06-19,27964.0,541.0,618.857,552.0,2.0,14.571,701.988,13.581,15.535,13.857,0.05,0.366,0.89,,,,,,,,,,,,,,,,,,,,,,,,,,,,,,,78.7,39835428.0,54.422,18.6,2.581,1.337,1803.987,,597.029,9.59,,,37.746,0.5,64.83,0.511,,,,
AFG,Asia,Afghanistan,2020-06-20,28383.0,419.0,599.286,552.0,0.0,13.857,712.506,10.518,15.044,13.857,0.0,0.348,0.87,,,,,,,,,,,,,,,,,,,,,,,,,,,,,,,78.7,39835428.0,54.422,18.6,2.581,1.337,1803.987,,597.029,9.59,,,37.746,0.5,64.83,0.511,,,,
AFG,Asia,Afghanistan,2020-06-21,28919.0,536.0,581.0,585.0,33.0,15.714,725.962,13.455,14.585,14.685,0.828,0.394,0.86,,,,,,,,,,,,,,,,,,,,,,,,,,,,,,,78.7,39835428.0,54.422,18.6,2.581,1.337,1803.987,,597.029,9.59,,,37.746,0.5,64.83,0.511,,,,
AFG,Asia,Afghanistan,2020-06-22,29229.0,310.0,516.571,602.0,17.0,17.429,733.744,7.782,12.968,15.112,0.427,0.438,0.84,,,,,,,,,,,,,,,,,,,,,,,,,,,,,,,78.7,39835428.0,54.422,18.6,2.581,1.337,1803.987,,597.029,9.59,,,37.746,0.5,64.83,0.511,,,,
AFG,Asia,Afghanistan,2020-06-23,29567.0,338.0,549.714,622.0,20.0,19.143,742.229,8.485,13.8,15.614,0.502,0.481,0.83,,,,,,,,,,,,,,,,,,,,,,,,,,,,,,,78.7,39835428.0,54.422,18.6,2.581,1.337,1803.987,,597.029,9.59,,,37.746,0.5,64.83,0.511,,,,
AFG,Asia,Afghanistan,2020-06-24,29726.0,159.0,395.143,643.0,21.0,19.286,746.22,3.991,9.919,16.141,0.527,0.484,0.82,,,,,,,,,,,,,,,,,,,,,,,,,,,,,,,78.7,39835428.0,54.422,18.6,2.581,1.337,1803.987,,597.029,9.59,,,37.746,0.5,64.83,0.511,,,,
AFG,Asia,Afghanistan,2020-06-25,30261.0,535.0,405.429,679.0,36.0,18.429,759.65,13.43,10.178,17.045,0.904,0.463,0.81,,,,,,,,,,,,,,,,,,,,,,,,,,,,,,,78.7,39835428.0,54.422,18.6,2.581,1.337,1803.987,,597.029,9.59,,,37.746,0.5,64.83,0.511,,,,
AFG,Asia,Afghanistan,2020-06-26,30346.0,85.0,340.286,684.0,5.0,18.857,761.784,2.134,8.542,17.171,0.126,0.473,0.8,,,,,,,,,,,,,,,,,,,,,,,,,,,,,,,78.7,39835428.0,54.422,18.6,2.581,1.337,1803.987,,597.029,9.59,,,37.746,0.5,64.83,0.511,,,,
AFG,Asia,Afghanistan,2020-06-27,30702.0,356.0,331.286,707.0,23.0,22.143,770.721,8.937,8.316,17.748,0.577,0.556,0.8,,,,,,,,,,,,,,,,,,,,,,,,,,,,,,,78.7,39835428.0,54.422,18.6,2.581,1.337,1803.987,,597.029,9.59,,,37.746,0.5,64.83,0.511,,,,
AFG,Asia,Afghanistan,2020-06-28,31053.0,351.0,304.857,733.0,26.0,21.143,779.532,8.811,7.653,18.401,0.653,0.531,0.8,,,,,,,,,,,,,,,,,,,,,,,,,,,,,,,78.7,39835428.0,54.422,18.6,2.581,1.337,1803.987,,597.029,9.59,,,37.746,0.5,64.83,0.511,,,,
AFG,Asia,Afghanistan,2020-06-29,31324.0,271.0,299.286,737.0,4.0,19.286,786.335,6.803,7.513,18.501,0.1,0.484,0.8,,,,,,,,,,,,,,,,,,,,,,,,,,,,,,,78.7,39835428.0,54.422,18.6,2.581,1.337,1803.987,,597.029,9.59,,,37.746,0.5,64.83,0.511,,,,
AFG,Asia,Afghanistan,2020-06-30,31445.0,121.0,268.286,739.0,2.0,16.714,789.373,3.037,6.735,18.551,0.05,0.42,0.79,,,,,,,,,,,,,,,,,,,,,,,,,,,,,,,78.7,39835428.0,54.422,18.6,2.581,1.337,1803.987,,597.029,9.59,,,37.746,0.5,64.83,0.511,,,,
AFG,Asia,Afghanistan,2020-07-01,31848.0,403.0,303.143,778.0,39.0,19.286,799.489,10.117,7.61,19.53,0.979,0.484,0.79,,,,,,,,,,,,,,,,,,,,,,,,,,,,,,,78.7,39835428.0,54.422,18.6,2.581,1.337,1803.987,,597.029,9.59,,,37.746,0.5,64.83,0.511,,,,
AFG,Asia,Afghanistan,2020-07-02,32108.0,260.0,263.857,811.0,33.0,18.857,806.016,6.527,6.624,20.359,0.828,0.473,0.79,,,,,,,,,,,,,,,,,,,,,,,,,,,,,,,78.7,39835428.0,54.422,18.6,2.581,1.337,1803.987,,597.029,9.59,,,37.746,0.5,64.83,0.511,,,,
AFG,Asia,Afghanistan,2020-07-03,32410.0,302.0,294.857,823.0,12.0,19.857,813.597,7.581,7.402,20.66,0.301,0.498,0.79,,,,,,,,,,,,,,,,,,,,,,,,,,,,,,,78.7,39835428.0,54.422,18.6,2.581,1.337,1803.987,,597.029,9.59,,,37.746,0.5,64.83,0.511,,,,
AFG,Asia,Afghanistan,2020-07-04,32758.0,348.0,293.714,830.0,7.0,17.571,822.333,8.736,7.373,20.836,0.176,0.441,0.79,,,,,,,,,,,,,,,,,,,,,,,,,,,,,,,78.7,39835428.0,54.422,18.6,2.581,1.337,1803.987,,597.029,9.59,,,37.746,0.5,64.83,0.511,,,,
AFG,Asia,Afghanistan,2020-07-05,33037.0,279.0,283.429,868.0,38.0,19.286,829.337,7.004,7.115,21.79,0.954,0.484,0.78,,,,,,,,,,,,,,,,,,,,,,,,,,,,,,,78.7,39835428.0,54.422,18.6,2.581,1.337,1803.987,,597.029,9.59,,,37.746,0.5,64.83,0.511,,,,
AFG,Asia,Afghanistan,2020-07-06,33150.0,113.0,260.857,891.0,23.0,22.0,832.174,2.837,6.548,22.367,0.577,0.552,0.78,,,,,,,,,,,,,,,,,,,,,,,,,,,,,,,78.7,39835428.0,54.422,18.6,2.581,1.337,1803.987,,597.029,9.59,,,37.746,0.5,64.83,0.511,,,,
AFG,Asia,Afghanistan,2020-07-07,33470.0,320.0,289.286,924.0,33.0,26.429,840.207,8.033,7.262,23.195,0.828,0.663,0.78,,,,,,,,,,,,,,,,,,,,,,,,,,,,,,,78.7,39835428.0,54.422,18.6,2.581,1.337,1803.987,,597.029,9.59,,,37.746,0.5,64.83,0.511,,,,
AFG,Asia,Afghanistan,2020-07-08,33680.0,210.0,261.714,940.0,16.0,23.143,845.479,5.272,6.57,23.597,0.402,0.581,0.77,,,,,,,,,,,,,,,,,,,,,,,,,,,,,,,78.7,39835428.0,54.422,18.6,2.581,1.337,1803.987,,597.029,9.59,,,37.746,0.5,64.83,0.511,,,,
AFG,Asia,Afghanistan,2020-07-09,33739.0,59.0,233.0,941.0,1.0,18.571,846.96,1.481,5.849,23.622,0.025,0.466,0.77,,,,,,,,,,,,,,,,,,,,,,,,,,,,,,,78.7,39835428.0,54.422,18.6,2.581,1.337,1803.987,,597.029,9.59,,,37.746,0.5,64.83,0.511,,,,
AFG,Asia,Afghanistan,2020-07-10,34280.0,541.0,267.143,975.0,34.0,21.714,860.541,13.581,6.706,24.476,0.854,0.545,0.77,,,,,,,,,,,,,,,,,,,,,,,,,,,,,,,78.7,39835428.0,54.422,18.6,2.581,1.337,1803.987,,597.029,9.59,,,37.746,0.5,64.83,0.511,,,,
AFG,Asia,Afghanistan,2020-07-11,34437.0,157.0,239.857,979.0,4.0,21.286,864.482,3.941,6.021,24.576,0.1,0.534,0.76,,,,,,,,,,,,,,,,,,,,,,,,,,,,,,,78.7,39835428.0,54.422,18.6,2.581,1.337,1803.987,,597.029,9.59,,,37.746,0.5,64.83,0.511,,,,
AFG,Asia,Afghanistan,2020-07-12,34537.0,100.0,214.286,1014.0,35.0,20.857,866.992,2.51,5.379,25.455,0.879,0.524,0.75,,,,,,,,,,,,,,,,,,,,,,,,,,,,,,,78.7,39835428.0,54.422,18.6,2.581,1.337,1803.987,,597.029,9.59,,,37.746,0.5,64.83,0.511,,,,
AFG,Asia,Afghanistan,2020-07-13,34541.0,4.0,198.714,1016.0,2.0,17.857,867.092,0.1,4.988,25.505,0.05,0.448,0.75,,,,,,,,,,,,,,,,,,,,,,,,,,,,,,,78.7,39835428.0,54.422,18.6,2.581,1.337,1803.987,,597.029,9.59,,,37.746,0.5,64.83,0.511,,,,
AFG,Asia,Afghanistan,2020-07-14,34826.0,285.0,193.714,1049.0,33.0,17.857,874.247,7.154,4.863,26.333,0.828,0.448,0.75,,,,,,,,,,,,,,,,,,,,,,,,,,,,,,,78.7,39835428.0,54.422,18.6,2.581,1.337,1803.987,,597.029,9.59,,,37.746,0.5,64.83,0.511,,,,
AFG,Asia,Afghanistan,2020-07-15,35026.0,200.0,192.286,1098.0,49.0,22.571,879.268,5.021,4.827,27.563,1.23,0.567,0.75,,,,,,,,,,,,,,,,,,,,,,,,,,,,,,,78.7,39835428.0,54.422,18.6,2.581,1.337,1803.987,,597.029,9.59,,,37.746,0.5,64.83,0.511,,,,
AFG,Asia,Afghanistan,2020-07-16,35156.0,130.0,202.429,1117.0,19.0,25.143,882.531,3.263,5.082,28.04,0.477,0.631,0.74,,,,,,,,,,,,,,,,,,,,,,,,,,,,,,,78.7,39835428.0,54.422,18.6,2.581,1.337,1803.987,,597.029,9.59,,,37.746,0.5,64.83,0.511,,,,
AFG,Asia,Afghanistan,2020-07-17,35315.0,159.0,147.857,1151.0,34.0,25.143,886.522,3.991,3.712,28.894,0.854,0.631,0.74,,,,,,,,,,,,,,,,,,,,,,,,,,,,,,,78.7,39835428.0,54.422,18.6,2.581,1.337,1803.987,,597.029,9.59,,,37.746,0.5,64.83,0.511,,,,
AFG,Asia,Afghanistan,2020-07-18,35375.0,60.0,134.0,1151.0,0.0,24.571,888.029,1.506,3.364,28.894,0.0,0.617,0.74,,,,,,,,,,,,,,,,,,,,,,,,,,,,,,,78.7,39835428.0,54.422,18.6,2.581,1.337,1803.987,,597.029,9.59,,,37.746,0.5,64.83,0.511,,,,
AFG,Asia,Afghanistan,2020-07-19,35561.0,186.0,146.286,1185.0,34.0,24.429,892.698,4.669,3.672,29.747,0.854,0.613,0.74,,,,,,,,,,,,,,,,,,,,,,,,,,,,,,,78.7,39835428.0,54.422,18.6,2.581,1.337,1803.987,,597.029,9.59,,,37.746,0.5,64.83,0.511,,,,
AFG,Asia,Afghanistan,2020-07-20,35595.0,34.0,150.571,1187.0,2.0,24.429,893.551,0.854,3.78,29.798,0.05,0.613,0.74,,,,,,,,,,,,,,,,,,,,,,,,,,,,,,,78.7,39835428.0,54.422,18.6,2.581,1.337,1803.987,,597.029,9.59,,,37.746,0.5,64.83,0.511,,,,
AFG,Asia,Afghanistan,2020-07-21,35701.0,106.0,125.0,1188.0,1.0,19.857,896.212,2.661,3.138,29.823,0.025,0.498,0.74,,,,,,,,,,,,,,,,,,,,,,,,,,,,,,,78.7,39835428.0,54.422,18.6,2.581,1.337,1803.987,,597.029,9.59,,,37.746,0.5,64.83,0.511,,,,
AFG,Asia,Afghanistan,2020-07-22,35813.0,112.0,112.429,1194.0,6.0,13.714,899.024,2.812,2.822,29.973,0.151,0.344,0.74,,,,,,,,,,,,,,,,,,,,,,,,,,,,,,,78.7,39835428.0,54.422,18.6,2.581,1.337,1803.987,,597.029,9.59,,,37.746,0.5,64.83,0.511,,,,
AFG,Asia,Afghanistan,2020-07-23,36001.0,188.0,120.714,1215.0,21.0,14.0,903.743,4.719,3.03,30.5,0.527,0.351,0.74,,,,,,,,,,,,,,,,,,,,,,,,,,,,,,,78.7,39835428.0,54.422,18.6,2.581,1.337,1803.987,,597.029,9.59,,,37.746,0.5,64.83,0.511,,,,
AFG,Asia,Afghanistan,2020-07-24,36067.0,66.0,107.429,1229.0,14.0,11.143,905.4,1.657,2.697,30.852,0.351,0.28,0.74,,,,,,,,,,,,,,,,,,,,,,,,,,,,,,,78.7,39835428.0,54.422,18.6,2.581,1.337,1803.987,,597.029,9.59,,,37.746,0.5,64.83,0.511,,,,
AFG,Asia,Afghanistan,2020-07-25,36122.0,55.0,106.714,1250.0,21.0,14.143,906.781,1.381,2.679,31.379,0.527,0.355,0.75,,,,,,,,,,,,,,,,,,,,,,,,,,,,,,,78.7,39835428.0,54.422,18.6,2.581,1.337,1803.987,,597.029,9.59,,,37.746,0.5,64.83,0.511,,,,
AFG,Asia,Afghanistan,2020-07-26,36243.0,121.0,97.429,1263.0,13.0,11.143,909.818,3.037,2.446,31.705,0.326,0.28,0.75,,,,,,,,,,,,,,,,,,,,,,,,,,,,,,,78.7,39835428.0,54.422,18.6,2.581,1.337,1803.987,,597.029,9.59,,,37.746,0.5,64.83,0.511,,,,
AFG,Asia,Afghanistan,2020-07-27,36349.0,106.0,107.714,1273.0,10.0,12.286,912.479,2.661,2.704,31.956,0.251,0.308,0.75,,,,,,,,,,,,,,,,,,,,,,,,,,,,,,,78.7,39835428.0,54.422,18.6,2.581,1.337,1803.987,,597.029,9.59,,,37.746,0.5,64.83,0.511,,,,
AFG,Asia,Afghanistan,2020-07-28,36454.0,105.0,107.571,1274.0,1.0,12.286,915.115,2.636,2.7,31.982,0.025,0.308,0.75,,,,,,,,,,,,,,,,,,,,,,,,,,,,,,,78.7,39835428.0,54.422,18.6,2.581,1.337,1803.987,,597.029,9.59,,,37.746,0.5,64.83,0.511,,,,
AFG,Asia,Afghanistan,2020-07-29,36557.0,103.0,106.286,1275.0,1.0,11.571,917.701,2.586,2.668,32.007,0.025,0.29,0.75,,,,,,,,,,,,,,,,,,,,,,,,,,,,,,,78.7,39835428.0,54.422,18.6,2.581,1.337,1803.987,,597.029,9.59,,,37.746,0.5,64.83,0.511,,,,
AFG,Asia,Afghanistan,2020-07-30,36628.0,71.0,89.571,1275.0,0.0,8.571,919.483,1.782,2.249,32.007,0.0,0.215,0.76,,,,,,,,,,,,,,,,,,,,,,,,,,,,,,,78.7,39835428.0,54.422,18.6,2.581,1.337,1803.987,,597.029,9.59,,,37.746,0.5,64.83,0.511,,,,
AFG,Asia,Afghanistan,2020-07-31,36628.0,0.0,80.143,1275.0,0.0,6.571,919.483,0.0,2.012,32.007,0.0,0.165,0.76,,,,,,,,,,,,,,,,,,,,,,,,,,,,,,,78.7,39835428.0,54.422,18.6,2.581,1.337,1803.987,,597.029,9.59,,,37.746,0.5,64.83,0.511,,,,
AFG,Asia,Afghanistan,2020-08-01,36796.0,168.0,96.286,1287.0,12.0,5.286,923.7,4.217,2.417,32.308,0.301,0.133,0.77,,,,,,,,,,,,,,,,,,,,,,,,,,,,,,,78.7,39835428.0,54.422,18.6,2.581,1.337,1803.987,,597.029,9.59,,,37.746,0.5,64.83,0.511,,,,
AFG,Asia,Afghanistan,2020-08-02,36796.0,0.0,79.0,1287.0,0.0,3.429,923.7,0.0,1.983,32.308,0.0,0.086,0.77,,,,,,,,,,,,,,,,,,,,,,,,,,,,,,,78.7,39835428.0,54.422,18.6,2.581,1.337,1803.987,,597.029,9.59,,,37.746,0.5,64.83,0.511,,,,
AFG,Asia,Afghanistan,2020-08-03,36796.0,0.0,63.857,1287.0,0.0,2.0,923.7,0.0,1.603,32.308,0.0,0.05,0.77,,,,,,,,,,,,,,,,,,,,,,,,,,,,,,,78.7,39835428.0,54.422,18.6,2.581,1.337,1803.987,,597.029,9.59,,,37.746,0.5,64.83,0.511,,,,
AFG,Asia,Afghanistan,2020-08-04,36833.0,37.0,54.143,1292.0,5.0,2.571,924.629,0.929,1.359,32.433,0.126,0.065,0.79,,,,,,,,,,,,,,,,,,,,,,,,,,,,,,,75.0,39835428.0,54.422,18.6,2.581,1.337,1803.987,,597.029,9.59,,,37.746,0.5,64.83,0.511,,,,
AFG,Asia,Afghanistan,2020-08-05,36915.0,82.0,51.143,1298.0,6.0,3.286,926.688,2.058,1.284,32.584,0.151,0.082,0.8,,,,,,,,,,,,,,,,,,,,,,,,,,,,,,,71.3,39835428.0,54.422,18.6,2.581,1.337,1803.987,,597.029,9.59,,,37.746,0.5,64.83,0.511,,,,
AFG,Asia,Afghanistan,2020-08-06,36982.0,67.0,50.571,1302.0,4.0,3.857,928.37,1.682,1.27,32.684,0.1,0.097,0.82,,,,,,,,,,,,,,,,,,,,,,,,,,,,,,,71.3,39835428.0,54.422,18.6,2.581,1.337,1803.987,,597.029,9.59,,,37.746,0.5,64.83,0.511,,,,
AFG,Asia,Afghanistan,2020-08-07,37023.0,41.0,56.429,1302.0,0.0,3.857,929.399,1.029,1.417,32.684,0.0,0.097,0.83,,,,,,,,,,,,,,,,,,,,,,,,,,,,,,,71.3,39835428.0,54.422,18.6,2.581,1.337,1803.987,,597.029,9.59,,,37.746,0.5,64.83,0.511,,,,
AFG,Asia,Afghanistan,2020-08-08,37101.0,78.0,43.571,1311.0,9.0,3.429,931.357,1.958,1.094,32.91,0.226,0.086,0.85,,,,,,,,,,,,,,,,,,,,,,,,,,,,,,,71.3,39835428.0,54.422,18.6,2.581,1.337,1803.987,,597.029,9.59,,,37.746,0.5,64.83,0.511,,,,
AFG,Asia,Afghanistan,2020-08-09,37140.0,39.0,49.143,1316.0,5.0,4.143,932.336,0.979,1.234,33.036,0.126,0.104,0.86,,,,,,,,,,,,,,,,,,,,,,,,,,,,,,,71.3,39835428.0,54.422,18.6,2.581,1.337,1803.987,,597.029,9.59,,,37.746,0.5,64.83,0.511,,,,
AFG,Asia,Afghanistan,2020-08-10,37140.0,0.0,49.143,1316.0,0.0,4.143,932.336,0.0,1.234,33.036,0.0,0.104,0.88,,,,,,,,,,,,,,,,,,,,,,,,,,,,,,,71.3,39835428.0,54.422,18.6,2.581,1.337,1803.987,,597.029,9.59,,,37.746,0.5,64.83,0.511,,,,
AFG,Asia,Afghanistan,2020-08-11,37355.0,215.0,74.571,1348.0,32.0,8.0,937.733,5.397,1.872,33.839,0.803,0.201,0.9,,,,,,,,,,,,,,,,,,,,,,,,,,,,,,,71.3,39835428.0,54.422,18.6,2.581,1.337,1803.987,,597.029,9.59,,,37.746,0.5,64.83,0.511,,,,
AFG,Asia,Afghanistan,2020-08-12,37431.0,76.0,73.714,1358.0,10.0,8.571,939.641,1.908,1.85,34.09,0.251,0.215,0.89,,,,,,,,,,,,,,,,,,,,,,,,,,,,,,,71.3,39835428.0,54.422,18.6,2.581,1.337,1803.987,,597.029,9.59,,,37.746,0.5,64.83,0.511,,,,
AFG,Asia,Afghanistan,2020-08-13,37510.0,79.0,75.429,1367.0,9.0,9.286,941.624,1.983,1.894,34.316,0.226,0.233,0.89,,,,,,,,,,,,,,,,,,,,,,,,,,,,,,,71.3,39835428.0,54.422,18.6,2.581,1.337,1803.987,,597.029,9.59,,,37.746,0.5,64.83,0.511,,,,
AFG,Asia,Afghanistan,2020-08-14,37517.0,7.0,70.571,1367.0,0.0,9.286,941.8,0.176,1.772,34.316,0.0,0.233,0.88,,,,,,,,,,,,,,,,,,,,,,,,,,,,,,,71.3,39835428.0,54.422,18.6,2.581,1.337,1803.987,,597.029,9.59,,,37.746,0.5,64.83,0.511,,,,
AFG,Asia,Afghanistan,2020-08-15,37637.0,120.0,76.571,1374.0,7.0,9.0,944.812,3.012,1.922,34.492,0.176,0.226,0.89,,,,,,,,,,,,,,,,,,,,,,,,,,,,,,,60.19,39835428.0,54.422,18.6,2.581,1.337,1803.987,,597.029,9.59,,,37.746,0.5,64.83,0.511,,,,
AFG,Asia,Afghanistan,2020-08-16,37682.0,45.0,77.429,1379.0,5.0,9.0,945.942,1.13,1.944,34.617,0.126,0.226,0.88,,,,,,,,,,,,,,,,,,,,,,,,,,,,,,,60.19,39835428.0,54.422,18.6,2.581,1.337,1803.987,,597.029,9.59,,,37.746,0.5,64.83,0.511,,,,
AFG,Asia,Afghanistan,2020-08-17,37682.0,0.0,77.429,1379.0,0.0,9.0,945.942,0.0,1.944,34.617,0.0,0.226,0.87,,,,,,,,,,,,,,,,,,,,,,,,,,,,,,,60.19,39835428.0,54.422,18.6,2.581,1.337,1803.987,,597.029,9.59,,,37.746,0.5,64.83,0.511,,,,
AFG,Asia,Afghanistan,2020-08-18,37685.0,3.0,47.143,1379.0,0.0,4.429,946.017,0.075,1.183,34.617,0.0,0.111,0.88,,,,,,,,,,,,,,,,,,,,,,,,,,,,,,,48.15,39835428.0,54.422,18.6,2.581,1.337,1803.987,,597.029,9.59,,,37.746,0.5,64.83,0.511,,,,
AFG,Asia,Afghanistan,2020-08-19,37685.0,0.0,36.286,1379.0,0.0,3.0,946.017,0.0,0.911,34.617,0.0,0.075,0.89,,,,,,,,,,,,,,,,,,,,,,,,,,,,,,,48.15,39835428.0,54.422,18.6,2.581,1.337,1803.987,,597.029,9.59,,,37.746,0.5,64.83,0.511,,,,
AFG,Asia,Afghanistan,2020-08-20,37845.0,160.0,47.857,1387.0,8.0,2.857,950.034,4.017,1.201,34.818,0.201,0.072,0.91,,,,,,,,,,,,,,,,,,,,,,,,,,,,,,,48.15,39835428.0,54.422,18.6,2.581,1.337,1803.987,,597.029,9.59,,,37.746,0.5,64.83,0.511,,,,
AFG,Asia,Afghanistan,2020-08-21,37942.0,97.0,60.714,1389.0,2.0,3.143,952.469,2.435,1.524,34.868,0.05,0.079,0.91,,,,,,,,,,,,,,,,,,,,,,,,,,,,,,,48.15,39835428.0,54.422,18.6,2.581,1.337,1803.987,,597.029,9.59,,,37.746,0.5,64.83,0.511,,,,
AFG,Asia,Afghanistan,2020-08-22,37980.0,38.0,49.0,1389.0,0.0,2.143,953.423,0.954,1.23,34.868,0.0,0.054,0.9,,,,,,,,,,,,,,,,,,,,,,,,,,,,,,,48.15,39835428.0,54.422,18.6,2.581,1.337,1803.987,,597.029,9.59,,,37.746,0.5,64.83,0.511,,,,
AFG,Asia,Afghanistan,2020-08-23,38039.0,59.0,51.0,1389.0,0.0,1.429,954.904,1.481,1.28,34.868,0.0,0.036,0.89,,,,,,,,,,,,,,,,,,,,,,,,,,,,,,,48.15,39835428.0,54.422,18.6,2.581,1.337,1803.987,,597.029,9.59,,,37.746,0.5,64.83,0.511,,,,
AFG,Asia,Afghanistan,2020-08-24,38085.0,46.0,57.571,1391.0,2.0,1.714,956.059,1.155,1.445,34.919,0.05,0.043,0.88,,,,,,,,,,,,,,,,,,,,,,,,,,,,,,,48.15,39835428.0,54.422,18.6,2.581,1.337,1803.987,,597.029,9.59,,,37.746,0.5,64.83,0.511,,,,
AFG,Asia,Afghanistan,2020-08-25,38156.0,71.0,67.286,1401.0,10.0,3.143,957.841,1.782,1.689,35.17,0.251,0.079,0.88,,,,,,,,,,,,,,,,,,,,,,,,,,,,,,,48.15,39835428.0,54.422,18.6,2.581,1.337,1803.987,,597.029,9.59,,,37.746,0.5,64.83,0.511,,,,
AFG,Asia,Afghanistan,2020-08-26,38199.0,43.0,73.429,1405.0,4.0,3.714,958.92,1.079,1.843,35.27,0.1,0.093,0.87,,,,,,,,,,,,,,,,,,,,,,,,,,,,,,,21.3,39835428.0,54.422,18.6,2.581,1.337,1803.987,,597.029,9.59,,,37.746,0.5,64.83,0.511,,,,
AFG,Asia,Afghanistan,2020-08-27,38215.0,16.0,52.857,1405.0,0.0,2.571,959.322,0.402,1.327,35.27,0.0,0.065,0.86,,,,,,,,,,,,,,,,,,,,,,,,,,,,,,,21.3,39835428.0,54.422,18.6,2.581,1.337,1803.987,,597.029,9.59,,,37.746,0.5,64.83,0.511,,,,
AFG,Asia,Afghanistan,2020-08-28,38226.0,11.0,40.571,1406.0,1.0,2.429,959.598,0.276,1.018,35.295,0.025,0.061,0.86,,,,,,,,,,,,,,,,,,,,,,,,,,,,,,,21.3,39835428.0,54.422,18.6,2.581,1.337,1803.987,,597.029,9.59,,,37.746,0.5,64.83,0.511,,,,
AFG,Asia,Afghanistan,2020-08-29,38229.0,3.0,35.571,1406.0,0.0,2.429,959.673,0.075,0.893,35.295,0.0,0.061,0.86,,,,,,,,,,,,,,,,,,,,,,,,,,,,,,,21.3,39835428.0,54.422,18.6,2.581,1.337,1803.987,,597.029,9.59,,,37.746,0.5,64.83,0.511,,,,
AFG,Asia,Afghanistan,2020-08-30,38229.0,0.0,27.143,1406.0,0.0,2.429,959.673,0.0,0.681,35.295,0.0,0.061,0.87,,,,,,,,,,,,,,,,,,,,,,,,,,,,,,,21.3,39835428.0,54.422,18.6,2.581,1.337,1803.987,,597.029,9.59,,,37.746,0.5,64.83,0.511,,,,
AFG,Asia,Afghanistan,2020-08-31,38248.0,19.0,23.286,1406.0,0.0,2.143,960.15,0.477,0.585,35.295,0.0,0.054,0.89,,,,,,,,,,,,,,,,,,,,,,,,,,,,,,,21.3,39835428.0,54.422,18.6,2.581,1.337,1803.987,,597.029,9.59,,,37.746,0.5,64.83,0.511,,,,
AFG,Asia,Afghanistan,2020-09-01,38282.0,34.0,18.0,1410.0,4.0,1.286,961.004,0.854,0.452,35.396,0.1,0.032,0.91,,,,,,,,,,,,,,,,,,,,,,,,,,,,,,,21.3,39835428.0,54.422,18.6,2.581,1.337,1803.987,,597.029,9.59,,,37.746,0.5,64.83,0.511,,,,
AFG,Asia,Afghanistan,2020-09-02,38329.0,47.0,18.571,1413.0,3.0,1.143,962.184,1.18,0.466,35.471,0.075,0.029,0.94,,,,,,,,,,,,,,,,,,,,,,,,,,,,,,,21.3,39835428.0,54.422,18.6,2.581,1.337,1803.987,,597.029,9.59,,,37.746,0.5,64.83,0.511,,,,
